Each instance consists of a line of description, a line containing the 
number of jobs and the number of machines, and then one line for each job,
listing the machine number and processing time for each step of the job. 
The machines are numbered starting with 0.

 
instance car1 (opt 4534)
8 4
0 375 1  12 2 142 3 245
0 632 1 452 2 758 3 278
0  12 1 876 2 124 3 534
0 460 1 542 2 523 3 120
0 528 1 101 2 789 3 124
0 796 1 245 2 632 3 375
0 532 1 230 2 543 3 896
0  14 1 124 2 214 3 543

instance reC05 (opt 920)
13  5
0  59  1  37  2  67  3  39  4  30
0  89  1  41  2  42  3  59  4  43
0  18  1  56  2  75  3  95  4  75
0  65  1  67  2  50  3  57  4  13
0   1  1  79  2  71  3  78  4  88
0  49  1 100  2  30  3  76  4  36
0  99  1   9  2  34  3  44  4  62
0  35  1  46  2  58  3  26  4  73
0   8  1  98  2  97  3  20  4  73
0  39  1  73  2  20  3  55  4  30
0  60  1  18  2  97  3  61  4  22
0  71  1   1  2   4  3  88  4  52
0  76  1  30  2  51  3  77  4  22
  
instance reC09 (opt 1302)
20 5
0  77  1  95  2  41  3  97  4  47  
0  99  1  28  2  42  3   4  4   7  
0  74  1  25  2  92  3  29  4   4  
0   4  1  21  2  40  3  80  4  66  
0  49  1  95  2  96  3  74  4  96  
0  53  1  59  2  75  3  19  4  13 
0  88  1  47  2  28  3  11  4  86  
0  92  1  99  2  84  3  13  4  73  
0   2  1  49  2  86  3  46  4  58
0  97  1  18  2  28  3  77  4  92
0  28  1  93  2  93  3   7  4  25
0  64  1  22  2  91  3  56  4  46
0  25  1  96  2  98  3  51  4  21
0  19  1  41  2  87  3  15  4  31
0  81  1   1  2  74  3  56  4   8
0   9  1  29  2  49  3  48  4  72
0   5  1  74  2  19  3  27  4  71
0   8  1  66  2  40  3  71  4  17
0  34  1   7  2  58  3  94  4  22
0  13  1  56  2  45  3  27  4  40


